0.000000 0.000000
0.000006 0.213208
0.000012 0.426113
0.000018 0.638412
0.000024 0.849804
0.000030 1.059989
0.000036 1.268667
0.000042 1.475542
0.000048 1.680321
0.000054 1.882712
0.000060 2.082427
0.000066 2.279183
0.000072 2.472700
0.000078 2.662704
0.000084 2.848923
0.000090 3.031094
0.000096 3.208958
0.000102 3.382261
0.000108 3.550759
0.000114 3.714210
0.000120 3.872383
0.000126 4.025054
0.000132 4.172004
0.000138 4.313026
0.000144 4.447919
0.000150 4.576491
0.000156 4.698560
0.000162 4.813952
0.000168 4.922503
0.000174 5.024058
0.000180 5.118475
0.000186 5.205617
0.000192 5.285363
0.000198 5.357597
0.000204 5.422218
0.000210 5.479134
0.000216 5.528263
0.000222 5.569537
0.000228 5.602896
0.000234 5.628293
0.000240 5.645692
0.000246 5.655068
0.000252 5.656408
0.000258 5.649709
0.000264 5.634983
0.000270 5.612248
0.000276 5.581539
0.000282 5.542897
0.000288 5.496379
0.000294 5.442050
0.000300 5.379988
0.000306 5.310281
0.000312 5.233027
0.000318 5.148337
0.000324 5.056331
0.000330 4.957139
0.000336 4.850903
0.000342 4.737774
0.000348 4.617912
0.000354 4.491488
0.000360 4.358681
0.000366 4.219680
0.000372 4.074683
0.000378 3.923896
0.000384 3.767532
0.000390 3.605815
0.000396 3.438973
0.000402 3.267245
0.000408 3.090873
0.000414 2.910109
0.000420 2.725210
0.000426 2.536439
0.000432 2.344062
0.000438 2.148355
0.000444 1.949595
0.000450 1.748064
0.000456 1.544049
0.000462 1.337840
0.000468 1.129730
0.000474 0.920015
0.000480 0.708992
0.000486 0.496961
0.000492 0.284225
0.000498 0.071084
0.000504 -0.142157
0.000510 -0.355197
0.000516 -0.567732
0.000522 -0.779460
0.000528 -0.990080
0.000534 -1.199293
0.000540 -1.406802
0.000546 -1.612312
0.000552 -1.815531
0.000558 -2.016170
0.000564 -2.213944
0.000570 -2.408571
0.000576 -2.599776
0.000582 -2.787287
0.000588 -2.970836
0.000594 -3.150164
0.000600 -3.325016
0.000606 -3.495142
0.000612 -3.660301
0.000618 -3.820259
0.000624 -3.974788
0.000630 -4.123669
0.000636 -4.266690
0.000642 -4.403648
0.000648 -4.534348
0.000654 -4.658604
0.000660 -4.776240
0.000666 -4.887089
0.000672 -4.990993
0.000678 -5.087804
0.000684 -5.177386
0.000690 -5.259610
0.000696 -5.334360
0.000702 -5.401530
0.000708 -5.461023
0.000714 -5.512756
0.000720 -5.556656
0.000726 -5.592659
0.000732 -5.620714
0.000738 -5.640783
0.000744 -5.652835
0.000750 -5.656854
0.000756 -5.652835
0.000762 -5.640783
0.000768 -5.620714
0.000774 -5.592659
0.000780 -5.556656
0.000786 -5.512756
0.000792 -5.461023
0.000798 -5.401530
0.000804 -5.334360
0.000810 -5.259610
0.000816 -5.177386
0.000822 -5.087804
0.000828 -4.990993
0.000834 -4.887089
0.000840 -4.776240
0.000846 -4.658604
0.000852 -4.534348
0.000858 -4.403648
0.000864 -4.266690
0.000870 -4.123669
0.000876 -3.974788
0.000882 -3.820259
0.000888 -3.660301
0.000894 -3.495142
0.000900 -3.325016
0.000906 -3.150164
0.000912 -2.970836
0.000918 -2.787287
0.000924 -2.599776
0.000930 -2.408571
0.000936 -2.213944
0.000942 -2.016170
0.000948 -1.815531
0.000954 -1.612312
0.000960 -1.406802
0.000966 -1.199293
0.000972 -0.990080
0.000978 -0.779460
0.000984 -0.567732
0.000990 -0.355197
0.000996 -0.142157
0.001002 0.071084
0.001008 0.284225
0.001014 0.496961
0.001020 0.708992
0.001026 0.920015
0.001032 1.129730
0.001038 1.337840
0.001044 1.544049
0.001050 1.748064
0.001056 1.949595
0.001062 2.148355
0.001068 2.344062
0.001074 2.536439
0.001080 2.725210
0.001086 2.910109
0.001092 3.090873
0.001098 3.267245
0.001104 3.438973
0.001110 3.605815
0.001116 3.767532
0.001122 3.923896
0.001128 4.074683
0.001134 4.219680
0.001140 4.358681
0.001146 4.491488
0.001152 4.617912
0.001158 4.737774
0.001164 4.850903
0.001170 4.957139
0.001176 5.056331
0.001182 5.148337
0.001188 5.233027
0.001194 5.310281
0.001200 5.379988
0.001206 5.442050
0.001212 5.496379
0.001218 5.542897
0.001224 5.581539
0.001230 5.612248
0.001236 5.634983
0.001242 5.649709
0.001248 5.656408
0.001254 5.655068
0.001260 5.645692
0.001266 5.628293
0.001272 5.602896
0.001278 5.569537
0.001284 5.528263
0.001290 5.479134
0.001296 5.422218
0.001302 5.357597
0.001308 5.285363
0.001314 5.205617
0.001320 5.118475
0.001326 5.024058
0.001332 4.922503
0.001338 4.813952
0.001344 4.698560
0.001350 4.576491
0.001356 4.447919
0.001362 4.313026
0.001368 4.172004
0.001374 4.025054
0.001380 3.872383
0.001386 3.714210
0.001392 3.550759
0.001398 3.382261
0.001404 3.208958
0.001410 3.031094
0.001416 2.848923
0.001422 2.662704
0.001428 2.472700
0.001434 2.279183
0.001440 2.082427
0.001446 1.882712
0.001452 1.680321
0.001458 1.475542
0.001464 1.268667
0.001470 1.059989
0.001476 0.849804
0.001482 0.638412
0.001488 0.426113
0.001494 0.213208
0.001500 0.000000
0.001506 -0.213208
0.001512 -0.426113
0.001518 -0.638412
0.001524 -0.849804
0.001530 -1.059989
0.001536 -1.268667
0.001542 -1.475542
0.001548 -1.680321
0.001554 -1.882712
0.001560 -2.082427
0.001566 -2.279183
0.001572 -2.472700
0.001578 -2.662704
0.001584 -2.848923
0.001590 -3.031094
0.001596 -3.208958
0.001602 -3.382261
0.001608 -3.550759
0.001614 -3.714210
0.001620 -3.872383
0.001626 -4.025054
0.001632 -4.172004
0.001638 -4.313026
0.001644 -4.447919
0.001650 -4.576491
0.001656 -4.698560
0.001662 -4.813952
0.001668 -4.922503
0.001674 -5.024058
0.001680 -5.118475
0.001686 -5.205617
0.001692 -5.285363
0.001698 -5.357597
0.001704 -5.422218
0.001710 -5.479134
0.001716 -5.528263
0.001722 -5.569537
0.001728 -5.602896
0.001734 -5.628293
0.001740 -5.645692
0.001746 -5.655068
0.001752 -5.656408
0.001758 -5.649709
0.001764 -5.634983
0.001770 -5.612248
0.001776 -5.581539
0.001782 -5.542897
0.001788 -5.496379
0.001794 -5.442050
0.001800 -5.379988
0.001806 -5.310281
0.001812 -5.233027
0.001818 -5.148337
0.001824 -5.056331
0.001830 -4.957139
0.001836 -4.850903
0.001842 -4.737774
0.001848 -4.617912
0.001854 -4.491488
0.001860 -4.358681
0.001866 -4.219680
0.001872 -4.074683
0.001878 -3.923896
0.001884 -3.767532
0.001890 -3.605815
0.001896 -3.438973
0.001902 -3.267245
0.001908 -3.090873
0.001914 -2.910109
0.001920 -2.725210
0.001926 -2.536439
0.001932 -2.344062
0.001938 -2.148355
0.001944 -1.949595
0.001950 -1.748064
0.001956 -1.544049
0.001962 -1.337840
0.001968 -1.129730
0.001974 -0.920015
0.001980 -0.708992
0.001986 -0.496961
0.001992 -0.284225
0.001998 -0.071084
0.002004 0.142157
0.002010 0.355197
0.002016 0.567732
0.002022 0.779460
0.002028 0.990080
0.002034 1.199293
0.002040 1.406802
0.002046 1.612312
0.002052 1.815531
0.002058 2.016170
0.002064 2.213944
0.002070 2.408571
0.002076 2.599776
0.002082 2.787287
0.002088 2.970836
0.002094 3.150164
0.002100 3.325016
0.002106 3.495142
0.002112 3.660301
0.002118 3.820259
0.002124 3.974788
0.002130 4.123669
0.002136 4.266690
0.002142 4.403648
0.002148 4.534348
0.002154 4.658604
0.002160 4.776240
0.002166 4.887089
0.002172 4.990993
0.002178 5.087804
0.002184 5.177386
0.002190 5.259610
0.002196 5.334360
0.002202 5.401530
0.002208 5.461023
0.002214 5.512756
0.002220 5.556656
0.002226 5.592659
0.002232 5.620714
0.002238 5.640783
0.002244 5.652835
0.002250 5.656854
0.002256 5.652835
0.002262 5.640783
0.002268 5.620714
0.002274 5.592659
0.002280 5.556656
0.002286 5.512756
0.002292 5.461023
0.002298 5.401530
0.002304 5.334360
0.002310 5.259610
0.002316 5.177386
0.002322 5.087804
0.002328 4.990993
0.002334 4.887089
0.002340 4.776240
0.002346 4.658604
0.002352 4.534348
0.002358 4.403648
0.002364 4.266690
0.002370 4.123669
0.002376 3.974788
0.002382 3.820259
0.002388 3.660301
0.002394 3.495142
0.002400 3.325016
0.002406 3.150164
0.002412 2.970836
0.002418 2.787287
0.002424 2.599776
0.002430 2.408571
0.002436 2.213944
0.002442 2.016170
0.002448 1.815531
0.002454 1.612312
0.002460 1.406802
0.002466 1.199293
0.002472 0.990080
0.002478 0.779460
0.002484 0.567732
0.002490 0.355197
0.002496 0.142157
0.002502 -0.071084
0.002508 -0.284225
0.002514 -0.496961
0.002520 -0.708992
0.002526 -0.920015
0.002532 -1.129730
0.002538 -1.337840
0.002544 -1.544049
0.002550 -1.748064
0.002556 -1.949595
0.002562 -2.148355
0.002568 -2.344062
0.002574 -2.536439
0.002580 -2.725210
0.002586 -2.910109
0.002592 -3.090873
0.002598 -3.267245
0.002604 -3.438973
0.002610 -3.605815
0.002616 -3.767532
0.002622 -3.923896
0.002628 -4.074683
0.002634 -4.219680
0.002640 -4.358681
0.002646 -4.491488
0.002652 -4.617912
0.002658 -4.737774
0.002664 -4.850903
0.002670 -4.957139
0.002676 -5.056331
0.002682 -5.148337
0.002688 -5.233027
0.002694 -5.310281
0.002700 -5.379988
0.002706 -5.442050
0.002712 -5.496379
0.002718 -5.542897
0.002724 -5.581539
0.002730 -5.612248
0.002736 -5.634983
0.002742 -5.649709
0.002748 -5.656408
0.002754 -5.655068
0.002760 -5.645692
0.002766 -5.628293
0.002772 -5.602896
0.002778 -5.569537
0.002784 -5.528263
0.002790 -5.479134
0.002796 -5.422218
0.002802 -5.357597
0.002808 -5.285363
0.002814 -5.205617
0.002820 -5.118475
0.002826 -5.024058
0.002832 -4.922503
0.002838 -4.813952
0.002844 -4.698560
0.002850 -4.576491
0.002856 -4.447919
0.002862 -4.313026
0.002868 -4.172004
0.002874 -4.025054
0.002880 -3.872383
0.002886 -3.714210
0.002892 -3.550759
0.002898 -3.382261
0.002904 -3.208958
0.002910 -3.031094
0.002916 -2.848923
0.002922 -2.662704
0.002928 -2.472700
0.002934 -2.279183
0.002940 -2.082427
0.002946 -1.882712
0.002952 -1.680321
0.002958 -1.475542
0.002964 -1.268667
0.002970 -1.059989
0.002976 -0.849804
0.002982 -0.638412
0.002988 -0.426113
0.002994 -0.213208
0.003000 -0.000000
0.003006 0.213208
0.003012 0.426113
0.003018 0.638412
0.003024 0.849804
0.003030 1.059989
0.003036 1.268667
0.003042 1.475542
0.003048 1.680321
0.003054 1.882712
0.003060 2.082427
0.003066 2.279183
0.003072 2.472700
0.003078 2.662704
0.003084 2.848923
0.003090 3.031094
0.003096 3.208958
0.003102 3.382261
0.003108 3.550759
0.003114 3.714210
0.003120 3.872383
0.003126 4.025054
0.003132 4.172004
0.003138 4.313026
0.003144 4.447919
0.003150 4.576491
0.003156 4.698560
0.003162 4.813952
0.003168 4.922503
0.003174 5.024058
0.003180 5.118475
0.003186 5.205617
0.003192 5.285363
0.003198 5.357597
0.003204 5.422218
0.003210 5.479134
0.003216 5.528263
0.003222 5.569537
0.003228 5.602896
0.003234 5.628293
0.003240 5.645692
0.003246 5.655068
0.003252 5.656408
0.003258 5.649709
0.003264 5.634983
0.003270 5.612248
0.003276 5.581539
0.003282 5.542897
0.003288 5.496379
0.003294 5.442050
0.003300 5.379988
0.003306 5.310281
0.003312 5.233027
0.003318 5.148337
0.003324 5.056331
0.003330 4.957139
0.003336 4.850903
0.003342 4.737774
0.003348 4.617912
0.003354 4.491488
0.003360 4.358681
0.003366 4.219680
0.003372 4.074683
0.003378 3.923896
0.003384 3.767532
0.003390 3.605815
0.003396 3.438973
0.003402 3.267245
0.003408 3.090873
0.003414 2.910109
0.003420 2.725210
0.003426 2.536439
0.003432 2.344062
0.003438 2.148355
0.003444 1.949595
0.003450 1.748064
0.003456 1.544049
0.003462 1.337840
0.003468 1.129730
0.003474 0.920015
0.003480 0.708992
0.003486 0.496961
0.003492 0.284225
0.003498 0.071084
0.003504 -0.142157
0.003510 -0.355197
0.003516 -0.567732
0.003522 -0.779460
0.003528 -0.990080
0.003534 -1.199293
0.003540 -1.406802
0.003546 -1.612312
0.003552 -1.815531
0.003558 -2.016170
0.003564 -2.213944
0.003570 -2.408571
0.003576 -2.599776
0.003582 -2.787287
0.003588 -2.970836
0.003594 -3.150164
0.003600 -3.325016
0.003606 -3.495142
0.003612 -3.660301
0.003618 -3.820259
0.003624 -3.974788
0.003630 -4.123669
0.003636 -4.266690
0.003642 -4.403648
0.003648 -4.534348
0.003654 -4.658604
0.003660 -4.776240
0.003666 -4.887089
0.003672 -4.990993
0.003678 -5.087804
0.003684 -5.177386
0.003690 -5.259610
0.003696 -5.334360
0.003702 -5.401530
0.003708 -5.461023
0.003714 -5.512756
0.003720 -5.556656
0.003726 -5.592659
0.003732 -5.620714
0.003738 -5.640783
0.003744 -5.652835
0.003750 -5.656854
0.003756 -5.652835
0.003762 -5.640783
0.003768 -5.620714
0.003774 -5.592659
0.003780 -5.556656
0.003786 -5.512756
0.003792 -5.461023
0.003798 -5.401530
0.003804 -5.334360
0.003810 -5.259610
0.003816 -5.177386
0.003822 -5.087804
0.003828 -4.990993
0.003834 -4.887089
0.003840 -4.776240
0.003846 -4.658604
0.003852 -4.534348
0.003858 -4.403648
0.003864 -4.266690
0.003870 -4.123669
0.003876 -3.974788
0.003882 -3.820259
0.003888 -3.660301
0.003894 -3.495142
0.003900 -3.325016
0.003906 -3.150164
0.003912 -2.970836
0.003918 -2.787287
0.003924 -2.599776
0.003930 -2.408571
0.003936 -2.213944
0.003942 -2.016170
0.003948 -1.815531
0.003954 -1.612312
0.003960 -1.406802
0.003966 -1.199293
0.003972 -0.990080
0.003978 -0.779460
0.003984 -0.567732
0.003990 -0.355197
0.003996 -0.142157
0.004002 0.071084
0.004008 0.284225
0.004014 0.496961
0.004020 0.708992
0.004026 0.920015
0.004032 1.129730
0.004038 1.337840
0.004044 1.544049
0.004050 1.748064
0.004056 1.949595
0.004062 2.148355
0.004068 2.344062
0.004074 2.536439
0.004080 2.725210
0.004086 2.910109
0.004092 3.090873
0.004098 3.267245
0.004104 3.438973
0.004110 3.605815
0.004116 3.767532
0.004122 3.923896
0.004128 4.074683
0.004134 4.219680
0.004140 4.358681
0.004146 4.491488
0.004152 4.617912
0.004158 4.737774
0.004164 4.850903
0.004170 4.957139
0.004176 5.056331
0.004182 5.148337
0.004188 5.233027
0.004194 5.310281
0.004200 5.379988
0.004206 5.442050
0.004212 5.496379
0.004218 5.542897
0.004224 5.581539
0.004230 5.612248
0.004236 5.634983
0.004242 5.649709
0.004248 5.656408
0.004254 5.655068
0.004260 5.645692
0.004266 5.628293
0.004272 5.602896
0.004278 5.569537
0.004284 5.528263
0.004290 5.479134
0.004296 5.422218
0.004302 5.357597
0.004308 5.285363
0.004314 5.205617
0.004320 5.118475
0.004326 5.024058
0.004332 4.922503
0.004338 4.813952
0.004344 4.698560
0.004350 4.576491
0.004356 4.447919
0.004362 4.313026
0.004368 4.172004
0.004374 4.025054
0.004380 3.872383
0.004386 3.714210
0.004392 3.550759
0.004398 3.382261
0.004404 3.208958
0.004410 3.031094
0.004416 2.848923
0.004422 2.662704
0.004428 2.472700
0.004434 2.279183
0.004440 2.082427
0.004446 1.882712
0.004452 1.680321
0.004458 1.475542
0.004464 1.268667
0.004470 1.059989
0.004476 0.849804
0.004482 0.638412
0.004488 0.426113
0.004494 0.213208
0.004500 0.000000
0.004506 -0.213208
0.004512 -0.426113
0.004518 -0.638412
0.004524 -0.849804
0.004530 -1.059989
0.004536 -1.268667
0.004542 -1.475542
0.004548 -1.680321
0.004554 -1.882712
0.004560 -2.082427
0.004566 -2.279183
0.004572 -2.472700
0.004578 -2.662704
0.004584 -2.848923
0.004590 -3.031094
0.004596 -3.208958
0.004602 -3.382261
0.004608 -3.550759
0.004614 -3.714210
0.004620 -3.872383
0.004626 -4.025054
0.004632 -4.172004
0.004638 -4.313026
0.004644 -4.447919
0.004650 -4.576491
0.004656 -4.698560
0.004662 -4.813952
0.004668 -4.922503
0.004674 -5.024058
0.004680 -5.118475
0.004686 -5.205617
0.004692 -5.285363
0.004698 -5.357597
0.004704 -5.422218
0.004710 -5.479134
0.004716 -5.528263
0.004722 -5.569537
0.004728 -5.602896
0.004734 -5.628293
0.004740 -5.645692
0.004746 -5.655068
0.004752 -5.656408
0.004758 -5.649709
0.004764 -5.634983
0.004770 -5.612248
0.004776 -5.581539
0.004782 -5.542897
0.004788 -5.496379
0.004794 -5.442050
0.004800 -5.379988
0.004806 -5.310281
0.004812 -5.233027
0.004818 -5.148337
0.004824 -5.056331
0.004830 -4.957139
0.004836 -4.850903
0.004842 -4.737774
0.004848 -4.617912
0.004854 -4.491488
0.004860 -4.358681
0.004866 -4.219680
0.004872 -4.074683
0.004878 -3.923896
0.004884 -3.767532
0.004890 -3.605815
0.004896 -3.438973
0.004902 -3.267245
0.004908 -3.090873
0.004914 -2.910109
0.004920 -2.725210
0.004926 -2.536439
0.004932 -2.344062
0.004938 -2.148355
0.004944 -1.949595
0.004950 -1.748064
0.004956 -1.544049
0.004962 -1.337840
0.004968 -1.129730
0.004974 -0.920015
0.004980 -0.708992
0.004986 -0.496961
0.004992 -0.284225
0.004998 -0.071084
0.005004 0.142157
0.005010 0.355197
0.005016 0.567732
0.005022 0.779460
0.005028 0.990080
0.005034 1.199293
0.005040 1.406802
0.005046 1.612312
0.005052 1.815531
0.005058 2.016170
0.005064 2.213944
0.005070 2.408571
0.005076 2.599776
0.005082 2.787287
0.005088 2.970836
0.005094 3.150164
0.005100 3.325016
0.005106 3.495142
0.005112 3.660301
0.005118 3.820259
0.005124 3.974788
0.005130 4.123669
0.005136 4.266690
0.005142 4.403648
0.005148 4.534348
0.005154 4.658604
0.005160 4.776240
0.005166 4.887089
0.005172 4.990993
0.005178 5.087804
0.005184 5.177386
0.005190 5.259610
0.005196 5.334360
0.005202 5.401530
0.005208 5.461023
0.005214 5.512756
0.005220 5.556656
0.005226 5.592659
0.005232 5.620714
0.005238 5.640783
0.005244 5.652835
0.005250 5.656854
0.005256 5.652835
0.005262 5.640783
0.005268 5.620714
0.005274 5.592659
0.005280 5.556656
0.005286 5.512756
0.005292 5.461023
0.005298 5.401530
0.005304 5.334360
0.005310 5.259610
0.005316 5.177386
0.005322 5.087804
0.005328 4.990993
0.005334 4.887089
0.005340 4.776240
0.005346 4.658604
0.005352 4.534348
0.005358 4.403648
0.005364 4.266690
0.005370 4.123669
0.005376 3.974788
0.005382 3.820259
0.005388 3.660301
0.005394 3.495142
0.005400 3.325016
0.005406 3.150164
0.005412 2.970836
0.005418 2.787287
0.005424 2.599776
0.005430 2.408571
0.005436 2.213944
0.005442 2.016170
0.005448 1.815531
0.005454 1.612312
0.005460 1.406802
0.005466 1.199293
0.005472 0.990080
0.005478 0.779460
0.005484 0.567732
0.005490 0.355197
0.005496 0.142157
0.005502 -0.071084
0.005508 -0.284225
0.005514 -0.496961
0.005520 -0.708992
0.005526 -0.920015
0.005532 -1.129730
0.005538 -1.337840
0.005544 -1.544049
0.005550 -1.748064
0.005556 -1.949595
0.005562 -2.148355
0.005568 -2.344062
0.005574 -2.536439
0.005580 -2.725210
0.005586 -2.910109
0.005592 -3.090873
0.005598 -3.267245
0.005604 -3.438973
0.005610 -3.605815
0.005616 -3.767532
0.005622 -3.923896
0.005628 -4.074683
0.005634 -4.219680
0.005640 -4.358681
0.005646 -4.491488
0.005652 -4.617912
0.005658 -4.737774
0.005664 -4.850903
0.005670 -4.957139
0.005676 -5.056331
0.005682 -5.148337
0.005688 -5.233027
0.005694 -5.310281
0.005700 -5.379988
0.005706 -5.442050
0.005712 -5.496379
0.005718 -5.542897
0.005724 -5.581539
0.005730 -5.612248
0.005736 -5.634983
0.005742 -5.649709
0.005748 -5.656408
0.005754 -5.655068
0.005760 -5.645692
0.005766 -5.628293
0.005772 -5.602896
0.005778 -5.569537
0.005784 -5.528263
0.005790 -5.479134
0.005796 -5.422218
0.005802 -5.357597
0.005808 -5.285363
0.005814 -5.205617
0.005820 -5.118475
0.005826 -5.024058
0.005832 -4.922503
0.005838 -4.813952
0.005844 -4.698560
0.005850 -4.576491
0.005856 -4.447919
0.005862 -4.313026
0.005868 -4.172004
0.005874 -4.025054
0.005880 -3.872383
0.005886 -3.714210
0.005892 -3.550759
0.005898 -3.382261
0.005904 -3.208958
0.005910 -3.031094
0.005916 -2.848923
0.005922 -2.662704
0.005928 -2.472700
0.005934 -2.279183
0.005940 -2.082427
0.005946 -1.882712
0.005952 -1.680321
0.005958 -1.475542
0.005964 -1.268667
0.005970 -1.059989
0.005976 -0.849804
0.005982 -0.638412
0.005988 -0.426113
0.005994 -0.213208
