0.000000 2.000000
0.000006 2.000000
0.000012 2.000000
0.000018 2.000000
0.000024 2.000000
0.000030 2.000000
0.000036 2.000000
0.000042 2.000000
0.000048 2.000000
0.000054 2.000000
0.000060 2.000000
0.000066 2.000000
0.000072 2.000000
0.000078 2.000000
0.000084 2.000000
0.000090 2.000000
0.000096 2.000000
0.000102 2.000000
0.000108 2.000000
0.000114 2.000000
0.000120 2.000000
0.000126 2.000000
0.000132 2.000000
0.000138 2.000000
0.000144 2.000000
0.000150 2.000000
0.000156 2.000000
0.000162 2.000000
0.000168 2.000000
0.000174 2.000000
0.000180 2.000000
0.000186 2.000000
0.000192 2.000000
0.000198 2.000000
0.000204 2.000000
0.000210 2.000000
0.000216 2.000000
0.000222 2.000000
0.000228 2.000000
0.000234 2.000000
0.000240 2.000000
0.000246 2.000000
0.000252 2.000000
0.000258 2.000000
0.000264 2.000000
0.000270 2.000000
0.000276 2.000000
0.000282 2.000000
0.000288 2.000000
0.000294 2.000000
0.000300 2.000000
0.000306 2.000000
0.000312 2.000000
0.000318 2.000000
0.000324 2.000000
0.000330 2.000000
0.000336 2.000000
0.000342 2.000000
0.000348 2.000000
0.000354 2.000000
0.000360 2.000000
0.000366 2.000000
0.000372 2.000000
0.000378 2.000000
0.000384 2.000000
0.000390 2.000000
0.000396 2.000000
0.000402 2.000000
0.000408 2.000000
0.000414 2.000000
0.000420 2.000000
0.000426 2.000000
0.000432 2.000000
0.000438 2.000000
0.000444 2.000000
0.000450 2.000000
0.000456 2.000000
0.000462 2.000000
0.000468 2.000000
0.000474 2.000000
0.000480 2.000000
0.000486 2.000000
0.000492 2.000000
0.000498 2.000000
0.000504 2.000000
0.000510 2.000000
0.000516 2.000000
0.000522 2.000000
0.000528 2.000000
0.000534 2.000000
0.000540 2.000000
0.000546 2.000000
0.000552 2.000000
0.000558 2.000000
0.000564 2.000000
0.000570 2.000000
0.000576 2.000000
0.000582 2.000000
0.000588 2.000000
0.000594 2.000000
0.000600 2.000000
0.000606 2.000000
0.000612 2.000000
0.000618 2.000000
0.000624 2.000000
0.000630 2.000000
0.000636 2.000000
0.000642 2.000000
0.000648 2.000000
0.000654 2.000000
0.000660 2.000000
0.000666 2.000000
0.000672 2.000000
0.000678 2.000000
0.000684 2.000000
0.000690 2.000000
0.000696 2.000000
0.000702 2.000000
0.000708 2.000000
0.000714 2.000000
0.000720 2.000000
0.000726 2.000000
0.000732 2.000000
0.000738 2.000000
0.000744 2.000000
0.000750 2.000000
0.000756 2.000000
0.000762 2.000000
0.000768 2.000000
0.000774 2.000000
0.000780 2.000000
0.000786 2.000000
0.000792 2.000000
0.000798 2.000000
0.000804 2.000000
0.000810 2.000000
0.000816 2.000000
0.000822 2.000000
0.000828 2.000000
0.000834 2.000000
0.000840 2.000000
0.000846 2.000000
0.000852 2.000000
0.000858 2.000000
0.000864 2.000000
0.000870 2.000000
0.000876 2.000000
0.000882 2.000000
0.000888 2.000000
0.000894 2.000000
0.000900 2.000000
0.000906 2.000000
0.000912 2.000000
0.000918 2.000000
0.000924 2.000000
0.000930 2.000000
0.000936 2.000000
0.000942 2.000000
0.000948 2.000000
0.000954 2.000000
0.000960 2.000000
0.000966 2.000000
0.000972 2.000000
0.000978 2.000000
0.000984 2.000000
0.000990 2.000000
0.000996 2.000000
0.001002 2.000000
0.001008 2.000000
0.001014 2.000000
0.001020 2.000000
0.001026 2.000000
0.001032 2.000000
0.001038 2.000000
0.001044 2.000000
0.001050 2.000000
0.001056 2.000000
0.001062 2.000000
0.001068 2.000000
0.001074 2.000000
0.001080 2.000000
0.001086 2.000000
0.001092 2.000000
0.001098 2.000000
0.001104 2.000000
0.001110 2.000000
0.001116 2.000000
0.001122 2.000000
0.001128 2.000000
0.001134 2.000000
0.001140 2.000000
0.001146 2.000000
0.001152 2.000000
0.001158 2.000000
0.001164 2.000000
0.001170 2.000000
0.001176 2.000000
0.001182 2.000000
0.001188 2.000000
0.001194 2.000000
0.001200 2.000000
0.001206 2.000000
0.001212 2.000000
0.001218 2.000000
0.001224 2.000000
0.001230 2.000000
0.001236 2.000000
0.001242 2.000000
0.001248 2.000000
0.001254 2.000000
0.001260 2.000000
0.001266 2.000000
0.001272 2.000000
0.001278 2.000000
0.001284 2.000000
0.001290 2.000000
0.001296 2.000000
0.001302 2.000000
0.001308 2.000000
0.001314 2.000000
0.001320 2.000000
0.001326 2.000000
0.001332 2.000000
0.001338 2.000000
0.001344 2.000000
0.001350 2.000000
0.001356 2.000000
0.001362 2.000000
0.001368 2.000000
0.001374 2.000000
0.001380 2.000000
0.001386 2.000000
0.001392 2.000000
0.001398 2.000000
0.001404 2.000000
0.001410 2.000000
0.001416 2.000000
0.001422 2.000000
0.001428 2.000000
0.001434 2.000000
0.001440 2.000000
0.001446 2.000000
0.001452 2.000000
0.001458 2.000000
0.001464 2.000000
0.001470 2.000000
0.001476 2.000000
0.001482 2.000000
0.001488 2.000000
0.001494 2.000000
0.001500 2.000000
0.001506 2.000000
0.001512 2.000000
0.001518 2.000000
0.001524 2.000000
0.001530 2.000000
0.001536 2.000000
0.001542 2.000000
0.001548 2.000000
0.001554 2.000000
0.001560 2.000000
0.001566 2.000000
0.001572 2.000000
0.001578 2.000000
0.001584 2.000000
0.001590 2.000000
0.001596 2.000000
0.001602 2.000000
0.001608 2.000000
0.001614 2.000000
0.001620 2.000000
0.001626 2.000000
0.001632 2.000000
0.001638 2.000000
0.001644 2.000000
0.001650 2.000000
0.001656 2.000000
0.001662 2.000000
0.001668 2.000000
0.001674 2.000000
0.001680 2.000000
0.001686 2.000000
0.001692 2.000000
0.001698 2.000000
0.001704 2.000000
0.001710 2.000000
0.001716 2.000000
0.001722 2.000000
0.001728 2.000000
0.001734 2.000000
0.001740 2.000000
0.001746 2.000000
0.001752 2.000000
0.001758 2.000000
0.001764 2.000000
0.001770 2.000000
0.001776 2.000000
0.001782 2.000000
0.001788 2.000000
0.001794 2.000000
0.001800 2.000000
0.001806 2.000000
0.001812 2.000000
0.001818 2.000000
0.001824 2.000000
0.001830 2.000000
0.001836 2.000000
0.001842 2.000000
0.001848 2.000000
0.001854 2.000000
0.001860 2.000000
0.001866 2.000000
0.001872 2.000000
0.001878 2.000000
0.001884 2.000000
0.001890 2.000000
0.001896 2.000000
0.001902 2.000000
0.001908 2.000000
0.001914 2.000000
0.001920 2.000000
0.001926 2.000000
0.001932 2.000000
0.001938 2.000000
0.001944 2.000000
0.001950 2.000000
0.001956 2.000000
0.001962 2.000000
0.001968 2.000000
0.001974 2.000000
0.001980 2.000000
0.001986 2.000000
0.001992 2.000000
0.001998 2.000000
0.002004 2.000000
0.002010 2.000000
0.002016 2.000000
0.002022 2.000000
0.002028 2.000000
0.002034 2.000000
0.002040 2.000000
0.002046 2.000000
0.002052 2.000000
0.002058 2.000000
0.002064 2.000000
0.002070 2.000000
0.002076 2.000000
0.002082 2.000000
0.002088 2.000000
0.002094 2.000000
0.002100 2.000000
0.002106 2.000000
0.002112 2.000000
0.002118 2.000000
0.002124 2.000000
0.002130 2.000000
0.002136 2.000000
0.002142 2.000000
0.002148 2.000000
0.002154 2.000000
0.002160 2.000000
0.002166 2.000000
0.002172 2.000000
0.002178 2.000000
0.002184 2.000000
0.002190 2.000000
0.002196 2.000000
0.002202 2.000000
0.002208 2.000000
0.002214 2.000000
0.002220 2.000000
0.002226 2.000000
0.002232 2.000000
0.002238 2.000000
0.002244 2.000000
0.002250 2.000000
0.002256 2.000000
0.002262 2.000000
0.002268 2.000000
0.002274 2.000000
0.002280 2.000000
0.002286 2.000000
0.002292 2.000000
0.002298 2.000000
0.002304 2.000000
0.002310 2.000000
0.002316 2.000000
0.002322 2.000000
0.002328 2.000000
0.002334 2.000000
0.002340 2.000000
0.002346 2.000000
0.002352 2.000000
0.002358 2.000000
0.002364 2.000000
0.002370 2.000000
0.002376 2.000000
0.002382 2.000000
0.002388 2.000000
0.002394 2.000000
0.002400 2.000000
0.002406 2.000000
0.002412 2.000000
0.002418 2.000000
0.002424 2.000000
0.002430 2.000000
0.002436 2.000000
0.002442 2.000000
0.002448 2.000000
0.002454 2.000000
0.002460 2.000000
0.002466 2.000000
0.002472 2.000000
0.002478 2.000000
0.002484 2.000000
0.002490 2.000000
0.002496 2.000000
0.002502 2.000000
0.002508 2.000000
0.002514 2.000000
0.002520 2.000000
0.002526 2.000000
0.002532 2.000000
0.002538 2.000000
0.002544 2.000000
0.002550 2.000000
0.002556 2.000000
0.002562 2.000000
0.002568 2.000000
0.002574 2.000000
0.002580 2.000000
0.002586 2.000000
0.002592 2.000000
0.002598 2.000000
0.002604 2.000000
0.002610 2.000000
0.002616 2.000000
0.002622 2.000000
0.002628 2.000000
0.002634 2.000000
0.002640 2.000000
0.002646 2.000000
0.002652 2.000000
0.002658 2.000000
0.002664 2.000000
0.002670 2.000000
0.002676 2.000000
0.002682 2.000000
0.002688 2.000000
0.002694 2.000000
0.002700 2.000000
0.002706 2.000000
0.002712 2.000000
0.002718 2.000000
0.002724 2.000000
0.002730 2.000000
0.002736 2.000000
0.002742 2.000000
0.002748 2.000000
0.002754 2.000000
0.002760 2.000000
0.002766 2.000000
0.002772 2.000000
0.002778 2.000000
0.002784 2.000000
0.002790 2.000000
0.002796 2.000000
0.002802 2.000000
0.002808 2.000000
0.002814 2.000000
0.002820 2.000000
0.002826 2.000000
0.002832 2.000000
0.002838 2.000000
0.002844 2.000000
0.002850 2.000000
0.002856 2.000000
0.002862 2.000000
0.002868 2.000000
0.002874 2.000000
0.002880 2.000000
0.002886 2.000000
0.002892 2.000000
0.002898 2.000000
0.002904 2.000000
0.002910 2.000000
0.002916 2.000000
0.002922 2.000000
0.002928 2.000000
0.002934 2.000000
0.002940 2.000000
0.002946 2.000000
0.002952 2.000000
0.002958 2.000000
0.002964 2.000000
0.002970 2.000000
0.002976 2.000000
0.002982 2.000000
0.002988 2.000000
0.002994 2.000000
0.003000 2.000000
0.003006 2.000000
0.003012 2.000000
0.003018 2.000000
0.003024 2.000000
0.003030 2.000000
0.003036 2.000000
0.003042 2.000000
0.003048 2.000000
0.003054 2.000000
0.003060 2.000000
0.003066 2.000000
0.003072 2.000000
0.003078 2.000000
0.003084 2.000000
0.003090 2.000000
0.003096 2.000000
0.003102 2.000000
0.003108 2.000000
0.003114 2.000000
0.003120 2.000000
0.003126 2.000000
0.003132 2.000000
0.003138 2.000000
0.003144 2.000000
0.003150 2.000000
0.003156 2.000000
0.003162 2.000000
0.003168 2.000000
0.003174 2.000000
0.003180 2.000000
0.003186 2.000000
0.003192 2.000000
0.003198 2.000000
0.003204 2.000000
0.003210 2.000000
0.003216 2.000000
0.003222 2.000000
0.003228 2.000000
0.003234 2.000000
0.003240 2.000000
0.003246 2.000000
0.003252 2.000000
0.003258 2.000000
0.003264 2.000000
0.003270 2.000000
0.003276 2.000000
0.003282 2.000000
0.003288 2.000000
0.003294 2.000000
0.003300 2.000000
0.003306 2.000000
0.003312 2.000000
0.003318 2.000000
0.003324 2.000000
0.003330 2.000000
0.003336 2.000000
0.003342 2.000000
0.003348 2.000000
0.003354 2.000000
0.003360 2.000000
0.003366 2.000000
0.003372 2.000000
0.003378 2.000000
0.003384 2.000000
0.003390 2.000000
0.003396 2.000000
0.003402 2.000000
0.003408 2.000000
0.003414 2.000000
0.003420 2.000000
0.003426 2.000000
0.003432 2.000000
0.003438 2.000000
0.003444 2.000000
0.003450 2.000000
0.003456 2.000000
0.003462 2.000000
0.003468 2.000000
0.003474 2.000000
0.003480 2.000000
0.003486 2.000000
0.003492 2.000000
0.003498 2.000000
0.003504 2.000000
0.003510 2.000000
0.003516 2.000000
0.003522 2.000000
0.003528 2.000000
0.003534 2.000000
0.003540 2.000000
0.003546 2.000000
0.003552 2.000000
0.003558 2.000000
0.003564 2.000000
0.003570 2.000000
0.003576 2.000000
0.003582 2.000000
0.003588 2.000000
0.003594 2.000000
0.003600 2.000000
0.003606 2.000000
0.003612 2.000000
0.003618 2.000000
0.003624 2.000000
0.003630 2.000000
0.003636 2.000000
0.003642 2.000000
0.003648 2.000000
0.003654 2.000000
0.003660 2.000000
0.003666 2.000000
0.003672 2.000000
0.003678 2.000000
0.003684 2.000000
0.003690 2.000000
0.003696 2.000000
0.003702 2.000000
0.003708 2.000000
0.003714 2.000000
0.003720 2.000000
0.003726 2.000000
0.003732 2.000000
0.003738 2.000000
0.003744 2.000000
0.003750 2.000000
0.003756 2.000000
0.003762 2.000000
0.003768 2.000000
0.003774 2.000000
0.003780 2.000000
0.003786 2.000000
0.003792 2.000000
0.003798 2.000000
0.003804 2.000000
0.003810 2.000000
0.003816 2.000000
0.003822 2.000000
0.003828 2.000000
0.003834 2.000000
0.003840 2.000000
0.003846 2.000000
0.003852 2.000000
0.003858 2.000000
0.003864 2.000000
0.003870 2.000000
0.003876 2.000000
0.003882 2.000000
0.003888 2.000000
0.003894 2.000000
0.003900 2.000000
0.003906 2.000000
0.003912 2.000000
0.003918 2.000000
0.003924 2.000000
0.003930 2.000000
0.003936 2.000000
0.003942 2.000000
0.003948 2.000000
0.003954 2.000000
0.003960 2.000000
0.003966 2.000000
0.003972 2.000000
0.003978 2.000000
0.003984 2.000000
0.003990 2.000000
0.003996 2.000000
0.004002 2.000000
0.004008 2.000000
0.004014 2.000000
0.004020 2.000000
0.004026 2.000000
0.004032 2.000000
0.004038 2.000000
0.004044 2.000000
0.004050 2.000000
0.004056 2.000000
0.004062 2.000000
0.004068 2.000000
0.004074 2.000000
0.004080 2.000000
0.004086 2.000000
0.004092 2.000000
0.004098 2.000000
0.004104 2.000000
0.004110 2.000000
0.004116 2.000000
0.004122 2.000000
0.004128 2.000000
0.004134 2.000000
0.004140 2.000000
0.004146 2.000000
0.004152 2.000000
0.004158 2.000000
0.004164 2.000000
0.004170 2.000000
0.004176 2.000000
0.004182 2.000000
0.004188 2.000000
0.004194 2.000000
0.004200 2.000000
0.004206 2.000000
0.004212 2.000000
0.004218 2.000000
0.004224 2.000000
0.004230 2.000000
0.004236 2.000000
0.004242 2.000000
0.004248 2.000000
0.004254 2.000000
0.004260 2.000000
0.004266 2.000000
0.004272 2.000000
0.004278 2.000000
0.004284 2.000000
0.004290 2.000000
0.004296 2.000000
0.004302 2.000000
0.004308 2.000000
0.004314 2.000000
0.004320 2.000000
0.004326 2.000000
0.004332 2.000000
0.004338 2.000000
0.004344 2.000000
0.004350 2.000000
0.004356 2.000000
0.004362 2.000000
0.004368 2.000000
0.004374 2.000000
0.004380 2.000000
0.004386 2.000000
0.004392 2.000000
0.004398 2.000000
0.004404 2.000000
0.004410 2.000000
0.004416 2.000000
0.004422 2.000000
0.004428 2.000000
0.004434 2.000000
0.004440 2.000000
0.004446 2.000000
0.004452 2.000000
0.004458 2.000000
0.004464 2.000000
0.004470 2.000000
0.004476 2.000000
0.004482 2.000000
0.004488 2.000000
0.004494 2.000000
0.004500 2.000000
0.004506 2.000000
0.004512 2.000000
0.004518 2.000000
0.004524 2.000000
0.004530 2.000000
0.004536 2.000000
0.004542 2.000000
0.004548 2.000000
0.004554 2.000000
0.004560 2.000000
0.004566 2.000000
0.004572 2.000000
0.004578 2.000000
0.004584 2.000000
0.004590 2.000000
0.004596 2.000000
0.004602 2.000000
0.004608 2.000000
0.004614 2.000000
0.004620 2.000000
0.004626 2.000000
0.004632 2.000000
0.004638 2.000000
0.004644 2.000000
0.004650 2.000000
0.004656 2.000000
0.004662 2.000000
0.004668 2.000000
0.004674 2.000000
0.004680 2.000000
0.004686 2.000000
0.004692 2.000000
0.004698 2.000000
0.004704 2.000000
0.004710 2.000000
0.004716 2.000000
0.004722 2.000000
0.004728 2.000000
0.004734 2.000000
0.004740 2.000000
0.004746 2.000000
0.004752 2.000000
0.004758 2.000000
0.004764 2.000000
0.004770 2.000000
0.004776 2.000000
0.004782 2.000000
0.004788 2.000000
0.004794 2.000000
0.004800 2.000000
0.004806 2.000000
0.004812 2.000000
0.004818 2.000000
0.004824 2.000000
0.004830 2.000000
0.004836 2.000000
0.004842 2.000000
0.004848 2.000000
0.004854 2.000000
0.004860 2.000000
0.004866 2.000000
0.004872 2.000000
0.004878 2.000000
0.004884 2.000000
0.004890 2.000000
0.004896 2.000000
0.004902 2.000000
0.004908 2.000000
0.004914 2.000000
0.004920 2.000000
0.004926 2.000000
0.004932 2.000000
0.004938 2.000000
0.004944 2.000000
0.004950 2.000000
0.004956 2.000000
0.004962 2.000000
0.004968 2.000000
0.004974 2.000000
0.004980 2.000000
0.004986 2.000000
0.004992 2.000000
0.004998 2.000000
0.005004 2.000000
0.005010 2.000000
0.005016 2.000000
0.005022 2.000000
0.005028 2.000000
0.005034 2.000000
0.005040 2.000000
0.005046 2.000000
0.005052 2.000000
0.005058 2.000000
0.005064 2.000000
0.005070 2.000000
0.005076 2.000000
0.005082 2.000000
0.005088 2.000000
0.005094 2.000000
0.005100 2.000000
0.005106 2.000000
0.005112 2.000000
0.005118 2.000000
0.005124 2.000000
0.005130 2.000000
0.005136 2.000000
0.005142 2.000000
0.005148 2.000000
0.005154 2.000000
0.005160 2.000000
0.005166 2.000000
0.005172 2.000000
0.005178 2.000000
0.005184 2.000000
0.005190 2.000000
0.005196 2.000000
0.005202 2.000000
0.005208 2.000000
0.005214 2.000000
0.005220 2.000000
0.005226 2.000000
0.005232 2.000000
0.005238 2.000000
0.005244 2.000000
0.005250 2.000000
0.005256 2.000000
0.005262 2.000000
0.005268 2.000000
0.005274 2.000000
0.005280 2.000000
0.005286 2.000000
0.005292 2.000000
0.005298 2.000000
0.005304 2.000000
0.005310 2.000000
0.005316 2.000000
0.005322 2.000000
0.005328 2.000000
0.005334 2.000000
0.005340 2.000000
0.005346 2.000000
0.005352 2.000000
0.005358 2.000000
0.005364 2.000000
0.005370 2.000000
0.005376 2.000000
0.005382 2.000000
0.005388 2.000000
0.005394 2.000000
0.005400 2.000000
0.005406 2.000000
0.005412 2.000000
0.005418 2.000000
0.005424 2.000000
0.005430 2.000000
0.005436 2.000000
0.005442 2.000000
0.005448 2.000000
0.005454 2.000000
0.005460 2.000000
0.005466 2.000000
0.005472 2.000000
0.005478 2.000000
0.005484 2.000000
0.005490 2.000000
0.005496 2.000000
0.005502 2.000000
0.005508 2.000000
0.005514 2.000000
0.005520 2.000000
0.005526 2.000000
0.005532 2.000000
0.005538 2.000000
0.005544 2.000000
0.005550 2.000000
0.005556 2.000000
0.005562 2.000000
0.005568 2.000000
0.005574 2.000000
0.005580 2.000000
0.005586 2.000000
0.005592 2.000000
0.005598 2.000000
0.005604 2.000000
0.005610 2.000000
0.005616 2.000000
0.005622 2.000000
0.005628 2.000000
0.005634 2.000000
0.005640 2.000000
0.005646 2.000000
0.005652 2.000000
0.005658 2.000000
0.005664 2.000000
0.005670 2.000000
0.005676 2.000000
0.005682 2.000000
0.005688 2.000000
0.005694 2.000000
0.005700 2.000000
0.005706 2.000000
0.005712 2.000000
0.005718 2.000000
0.005724 2.000000
0.005730 2.000000
0.005736 2.000000
0.005742 2.000000
0.005748 2.000000
0.005754 2.000000
0.005760 2.000000
0.005766 2.000000
0.005772 2.000000
0.005778 2.000000
0.005784 2.000000
0.005790 2.000000
0.005796 2.000000
0.005802 2.000000
0.005808 2.000000
0.005814 2.000000
0.005820 2.000000
0.005826 2.000000
0.005832 2.000000
0.005838 2.000000
0.005844 2.000000
0.005850 2.000000
0.005856 2.000000
0.005862 2.000000
0.005868 2.000000
0.005874 2.000000
0.005880 2.000000
0.005886 2.000000
0.005892 2.000000
0.005898 2.000000
0.005904 2.000000
0.005910 2.000000
0.005916 2.000000
0.005922 2.000000
0.005928 2.000000
0.005934 2.000000
0.005940 2.000000
0.005946 2.000000
0.005952 2.000000
0.005958 2.000000
0.005964 2.000000
0.005970 2.000000
0.005976 2.000000
0.005982 2.000000
0.005988 2.000000
0.005994 2.000000
